year	firm	evtdate
2006	000002	20070320
2006	000004	20070427
2006	000005	20070430
2006	000006	20070324
2006	000007	20070420
2006	000008	20070329
2006	000009	20070418
2006	000010	20070213
2006	000011	20070428
2006	000012	20070320
2006	000014	20070424
2006	000016	20070419
2006	000017	20070428
2006	000018	20070210
2006	000019	20070414
2006	000020	20070420
2006	000021	20070423
2006	000022	20070419
2006	000023	20070418
2006	000024	20070320
2006	000025	20070330
2006	000026	20070426
2006	000027	20070417
2006	000028	20070330
2006	000029	20070420
2006	000030	20070428
2006	000031	20070210
2006	000032	20070407
2006	000033	20070420
2006	000034	20070428
2006	000035	20070430
2006	000036	20070427
2006	000037	20070320
2006	000038	20070428
2006	000039	20070317
2006	000040	20070420
2006	000042	20070426
2006	000043	20070321
2006	000045	20070421
2006	000046	20070420
2006	000048	20070425
2006	000049	20070213
2006	000050	20070215
2006	000055	20070320
2006	000056	20070411
2006	000058	20070426
2006	000059	20070320
2006	000060	20070331
2006	000061	20070424
2006	000062	20070302
2006	000063	20070419
2006	000065	20070213
2006	000066	20070423
2006	000068	20070209
2006	000069	20070419
2006	000070	20070413
2006	000078	20070426
2006	000088	20070428
2006	000089	20070306
2006	000090	20070424
2006	000096	20070424
2006	000099	20070430
2006	000100	20070430
2006	000150	20070403
2006	000151	20070411
2006	000153	20070417
2006	000155	20070213
2006	000156	20070214
2006	000157	20070228
2006	000158	20070323
2006	000159	20070327
2006	000301	20070309
2006	000400	20070327
2006	000401	20070315
2006	000402	20070212
2006	000403	20070411
2006	000404	20070417
2006	000407	20070404
2006	000408	20070430
2006	000409	20070427
2006	000410	20070213
2006	000411	20070421
2006	000413	20070410
2006	000415	20070403
2006	000416	20070421
2006	000417	20070403
2006	000418	20070418
2006	000419	20070424
2006	000420	20070330
2006	000421	20070310
2006	000422	20070320
2006	000423	20070412
2006	000425	20070328
2006	000426	20070419
2006	000428	20070209
2006	000429	20070327
2006	000430	20070309
2006	000488	20070410
2006	000498	20070419
2006	000501	20070418
2006	000502	20070423
2006	000503	20070418
2006	000504	20070427
2006	000505	20070420
2006	000506	20070423
2006	000507	20070403
2006	000509	20070425
2006	000510	20070412
2006	000511	20070210
2006	000513	20070326
2006	000514	20070120
2006	000515	20070214
2006	000516	20070331
2006	000517	20070430
2006	000518	20070216
2006	000519	20070331
2006	000520	20070412
2006	000521	20070418
2006	000522	20070331
2006	000523	20070421
2006	000524	20070421
2006	000525	20070331
2006	000526	20070413
2006	000527	20070317
2006	000528	20070331
2006	000529	20070428
2006	000530	20070426
2006	000531	20070411
2006	000532	20070420
2006	000533	20070414
2006	000534	20070330
2006	000536	20070213
2006	000537	20070419
2006	000538	20070326
2006	000539	20070420
2006	000540	20070418
2006	000541	20070329
2006	000543	20070413
2006	000544	20070420
2006	000545	20070413
2006	000546	20070119
2006	000547	20070406
2006	000548	20070417
2006	000549	20070403
2006	000550	20070406
2006	000551	20070411
2006	000552	20070330
2006	000553	20070331
2006	000554	20070320
2006	000555	20070403
2006	000557	20070427
2006	000558	20070213
2006	000559	20070330
2006	000560	20070330
2006	000561	20070427
2006	000563	20070417
2006	000564	20070322
2006	000565	20070309
2006	000566	20070317
2006	000567	20070331
2006	000568	20070329
2006	000569	20070416
2006	000570	20070320
2006	000571	20070316
2006	000572	20070324
2006	000573	20070413
2006	000576	20070407
2006	000578	20070125
2006	000581	20070419
2006	000582	20070427
2006	000583	20070423
2006	000584	20070409
2006	000585	20070301
2006	000586	20070412
2006	000587	20070430
2006	000589	20070313
2006	000590	20070428
2006	000591	20070316
2006	000592	20070430
2006	000593	20070426
2006	000594	20070424
2006	000595	20070414
2006	000596	20070310
2006	000597	20070428
2006	000598	20070329
2006	000599	20070407
2006	000600	20070327
2006	000601	20070430
2006	000602	20070330
2006	000603	20070430
2006	000605	20070427
2006	000606	20070410
2006	000607	20070421
2006	000608	20070210
2006	000609	20070330
2006	000610	20070411
2006	000611	20070210
2006	000612	20070207
2006	000613	20070414
2006	000615	20070419
2006	000616	20070313
2006	000617	20070317
2006	000619	20070330
2006	000620	20070430
2006	000622	20070428
2006	000623	20070412
2006	000625	20070412
2006	000626	20070427
2006	000627	20070228
2006	000628	20070308
2006	000629	20070402
2006	000630	20070314
2006	000631	20070430
2006	000632	20070328
2006	000633	20070418
2006	000635	20070410
2006	000636	20070425
2006	000637	20070428
2006	000638	20070412
2006	000639	20070327
2006	000650	20070119
2006	000651	20070412
2006	000652	20070425
2006	000655	20070205
2006	000656	20070418
2006	000657	20070419
2006	000659	20070327
2006	000661	20070313
2006	000662	20070328
2006	000663	20070411
2006	000665	20070418
2006	000666	20070419
2006	000667	20070308
2006	000668	20070406
2006	000669	20070301
2006	000670	20070430
2006	000671	20070315
2006	000672	20070424
2006	000673	20070404
2006	000676	20070331
2006	000677	20070328
2006	000678	20070310
2006	000679	20070328
2006	000680	20070327
2006	000681	20070430
2006	000682	20070413
2006	000683	20070209
2006	000685	20070331
2006	000686	20070209
2006	000687	20070419
2006	000688	20070427
2006	000690	20070119
2006	000691	20070428
2006	000692	20070416
2006	000693	20070430
2006	000695	20070315
2006	000697	20070330
2006	000698	20070331
2006	000699	20070216
2006	000700	20070421
2006	000701	20070407
2006	000702	20070414
2006	000703	20070302
2006	000705	20070329
2006	000707	20070421
2006	000708	20070313
2006	000709	20070330
2006	000710	20070310
2006	000711	20070411
2006	000712	20070428
2006	000713	20070406
2006	000715	20070327
2006	000716	20070430
2006	000717	20070413
2006	000718	20070315
2006	000719	20070428
2006	000720	20070413
2006	000721	20070428
2006	000722	20070420
2006	000723	20070410
2006	000725	20070427
2006	000726	20070328
2006	000727	20070414
2006	000728	20070327
2006	000729	20070412
2006	000731	20070124
2006	000732	20070418
2006	000733	20070421
2006	000735	20070426
2006	000736	20070430
2006	000737	20070406
2006	000738	20070414
2006	000739	20070419
2006	000748	20070322
2006	000750	20070213
2006	000751	20070131
2006	000752	20070430
2006	000753	20070324
2006	000755	20070308
2006	000756	20070326
2006	000757	20070424
2006	000758	20070421
2006	000759	20070213
2006	000760	20070322
2006	000761	20070426
2006	000762	20070420
2006	000766	20070321
2006	000767	20070329
2006	000768	20070330
2006	000776	20070316
2006	000777	20070406
2006	000778	20070306
2006	000779	20070317
2006	000780	20070210
2006	000782	20070412
2006	000783	20070320
2006	000785	20070427
2006	000786	20070410
2006	000787	20070430
2006	000788	20070331
2006	000789	20070331
2006	000790	20070418
2006	000791	20070213
2006	000792	20070210
2006	000793	20070419
2006	000795	20070428
2006	000796	20070412
2006	000797	20070421
2006	000798	20070331
2006	000799	20070426
2006	000800	20070430
2006	000801	20070406
2006	000802	20070326
2006	000803	20070413
2006	000805	20070427
2006	000806	20070428
2006	000807	20070130
2006	000809	20070316
2006	000810	20070313
2006	000811	20070411
2006	000812	20070425
2006	000813	20070323
2006	000815	20070410
2006	000816	20070418
2006	000818	20070329
2006	000819	20070414
2006	000820	20070426
2006	000821	20070410
2006	000822	20070213
2006	000823	20070209
2006	000825	20070331
2006	000826	20070417
2006	000828	20070308
2006	000829	20070207
2006	000830	20070316
2006	000831	20070414
2006	000833	20070313
2006	000835	20070216
2006	000836	20070315
2006	000837	20070331
2006	000838	20070323
2006	000839	20070323
2006	000848	20070421
2006	000850	20070307
2006	000851	20070418
2006	000852	20070212
2006	000856	20070418
2006	000858	20070326
2006	000859	20070302
2006	000860	20070210
2006	000861	20070310
2006	000862	20070330
2006	000863	20070421
2006	000868	20070417
2006	000869	20070317
2006	000875	20070330
2006	000876	20070421
2006	000877	20070328
2006	000878	20070331
2006	000880	20070210
2006	000881	20070330
2006	000882	20070428
2006	000883	20070407
2006	000885	20070419
2006	000886	20070426
2006	000887	20070412
2006	000888	20070206
2006	000889	20070419
2006	000890	20070327
2006	000892	20070430
2006	000893	20070330
2006	000895	20070307
2006	000897	20070215
2006	000898	20070411
2006	000899	20070414
2006	000900	20070418
2006	000901	20070303
2006	000902	20070410
2006	000903	20070309
2006	000905	20070407
2006	000906	20070412
2006	000908	20070420
2006	000909	20070317
2006	000910	20070403
2006	000911	20070323
2006	000912	20070321
2006	000913	20070426
2006	000915	20070316
2006	000916	20070310
2006	000917	20070216
2006	000918	20070213
2006	000919	20070320
2006	000920	20070420
2006	000921	20070427
2006	000922	20070417
2006	000923	20070430
2006	000925	20070430
2006	000926	20070410
2006	000927	20070427
2006	000928	20070317
2006	000929	20070403
2006	000930	20070430
2006	000931	20070425
2006	000932	20070320
2006	000933	20070316
2006	000935	20070420
2006	000936	20070306
2006	000937	20070214
2006	000938	20070406
2006	000939	20070215
2006	000948	20070331
2006	000949	20070315
2006	000950	20070309
2006	000951	20070421
2006	000952	20070323
2006	000953	20070324
2006	000955	20070417
2006	000957	20070416
2006	000958	20070324
2006	000959	20070412
2006	000960	20070213
2006	000961	20070419
2006	000962	20070327
2006	000963	20070214
2006	000965	20070413
2006	000966	20070315
2006	000967	20070427
2006	000968	20070317
2006	000969	20070331
2006	000970	20070324
2006	000971	20070430
2006	000972	20070411
2006	000973	20070428
2006	000975	20070412
2006	000976	20070319
2006	000977	20070321
2006	000978	20070315
2006	000979	20070405
2006	000980	20070213
2006	000981	20070427
2006	000982	20070412
2006	000983	20070308
2006	000985	20070320
2006	000987	20070328
2006	000988	20070131
2006	000989	20070303
2006	000990	20070313
2006	000993	20070320
2006	000995	20070411
2006	000996	20070412
2006	000997	20070413
2006	000998	20070319
2006	000999	20070428
2006	001696	20070307
2006	001896	20070412
2006	002001	20070327
2006	002002	20070421
2006	002003	20070414
2006	002004	20070409
2006	002005	20070331
2006	002006	20070406
2006	002007	20070322
2006	002008	20070403
2006	002009	20070329
2006	002010	20070407
2006	002011	20070403
2006	002012	20070313
2006	002013	20070201
2006	002014	20070120
2006	002015	20070206
2006	002016	20070426
2006	002017	20070321
2006	002018	20070328
2006	002019	20070326
2006	002020	20070403
2006	002021	20070327
2006	002022	20070316
2006	002023	20070327
2006	002024	20070310
2006	002025	20070228
2006	002026	20070320
2006	002027	20070316
2006	002028	20070208
2006	002029	20070410
2006	002030	20070322
2006	002031	20070328
2006	002032	20070308
2006	002033	20070209
2006	002034	20070412
2006	002035	20070213
2006	002036	20070316
2006	002037	20070328
2006	002038	20070306
2006	002039	20070326
2006	002040	20070330
2006	002041	20070418
2006	002042	20070403
2006	002043	20070420
2006	002044	20070329
2006	002045	20070426
2006	002046	20070409
2006	002047	20070414
2006	002048	20070418
2006	002049	20070406
2006	002050	20070411
2006	002051	20070404
2006	002052	20070424
2006	002053	20070329
2006	002054	20070418
2006	002055	20070421
2006	002056	20070308
2006	002057	20070411
2006	002058	20070210
2006	002059	20070410
2006	002060	20070328
2006	002061	20070330
2006	002062	20070316
2006	002063	20070426
2006	002064	20070313
2006	002065	20070418
2006	002066	20070323
2006	002067	20070416
2006	002068	20070306
2006	002069	20070323
2006	002070	20070315
2006	002071	20070425
2006	002072	20070423
2006	002073	20070420
2006	002074	20070410
2006	002075	20070424
2006	002076	20070313
2006	002077	20070411
2006	002078	20070417
2006	002079	20070316
2006	002080	20070410
2006	002081	20070329
2006	002082	20070416
2006	002083	20070326
2006	002084	20070228
2006	002085	20070416
2006	002086	20070228
2006	002087	20070417
2006	002088	20070326
2006	002089	20070406
2006	002090	20070213
2006	002091	20070330
2006	002092	20070213
2006	002093	20070216
2006	002094	20070417
2006	002095	20070328
2006	002096	20070212
2006	002097	20070320
2006	002098	20070417
2006	002099	20070420
2006	002100	20070315
2006	002101	20070214
2006	002102	20070328
2006	002103	20070324
2006	002104	20070322
2006	002105	20070419
2006	002106	20070228
2006	002107	20070327
2006	002108	20070316
2006	002109	20070208
2006	002110	20070326
2006	002111	20070327
2006	002112	20070416
2006	002113	20070327
2006	002114	20070417
2006	002115	20070406
2006	002116	20070420
2006	002117	20070317
2006	002118	20070403
2006	002124	20070424
2006	600001	20070418
2006	600003	20070425
2006	600004	20070327
2006	600005	20070416
2006	600006	20070330
2006	600007	20070331
2006	600008	20070425
2006	600009	20070316
2006	600010	20070308
2006	600011	20070404
2006	600012	20070326
2006	600017	20070124
2006	600018	20070410
2006	600019	20070331
2006	600020	20070424
2006	600021	20070330
2006	600022	20070428
2006	600026	20070330
2006	600027	20070326
2006	600028	20070410
2006	600029	20070417
2006	600031	20070308
2006	600033	20070414
2006	600035	20070428
2006	600037	20070329
2006	600038	20070403
2006	600039	20070407
2006	600048	20070213
2006	600050	20070330
2006	600051	20070327
2006	600052	20070421
2006	600053	20070206
2006	600054	20070127
2006	600055	20070407
2006	600056	20070327
2006	600057	20070414
2006	600058	20070407
2006	600059	20070323
2006	600060	20070420
2006	600061	20070308
2006	600062	20070330
2006	600063	20070126
2006	600064	20070130
2006	600065	20070428
2006	600066	20070213
2006	600067	20070420
2006	600068	20070414
2006	600069	20070215
2006	600070	20070330
2006	600071	20070329
2006	600072	20070410
2006	600073	20070315
2006	600074	20070430
2006	600075	20070310
2006	600076	20070410
2006	600077	20070329
2006	600078	20070120
2006	600079	20070411
2006	600080	20070414
2006	600081	20070320
2006	600082	20070205
2006	600083	20070428
2006	600084	20070426
2006	600085	20070327
2006	600086	20070421
2006	600087	20070213
2006	600088	20070406
2006	600089	20070301
2006	600090	20070331
2006	600091	20070428
2006	600093	20070331
2006	600094	20070428
2006	600095	20070319
2006	600096	20070130
2006	600097	20070407
2006	600098	20070323
2006	600099	20070210
2006	600100	20070417
2006	600101	20070428
2006	600102	20070323
2006	600103	20070413
2006	600104	20070330
2006	600105	20070417
2006	600106	20070329
2006	600107	20070417
2006	600108	20070428
2006	600109	20070123
2006	600110	20070410
2006	600111	20070309
2006	600112	20070421
2006	600113	20070320
2006	600114	20070214
2006	600115	20070420
2006	600116	20070328
2006	600117	20070307
2006	600118	20070210
2006	600119	20070403
2006	600120	20070416
2006	600121	20070331
2006	600122	20070228
2006	600123	20070328
2006	600125	20070328
2006	600126	20070426
2006	600127	20070331
2006	600128	20070330
2006	600129	20070331
2006	600130	20070327
2006	600131	20070301
2006	600132	20070322
2006	600133	20070210
2006	600135	20070316
2006	600136	20070331
2006	600137	20070327
2006	600138	20070317
2006	600139	20070410
2006	600141	20070327
2006	600143	20070214
2006	600145	20070430
2006	600146	20070418
2006	600148	20070315
2006	600149	20070407
2006	600150	20070328
2006	600151	20070320
2006	600152	20070315
2006	600153	20070330
2006	600155	20070430
2006	600156	20070309
2006	600157	20070421
2006	600158	20070322
2006	600159	20070130
2006	600160	20070421
2006	600161	20070328
2006	600162	20070310
2006	600163	20070406
2006	600165	20070331
2006	600166	20070322
2006	600167	20070413
2006	600168	20070331
2006	600169	20070320
2006	600170	20070324
2006	600171	20070331
2006	600172	20070421
2006	600173	20070320
2006	600175	20070426
2006	600176	20070412
2006	600177	20070403
2006	600178	20070403
2006	600179	20070329
2006	600180	20070430
2006	600181	20070430
2006	600182	20070328
2006	600183	20070413
2006	600184	20070309
2006	600185	20070421
2006	600186	20070430
2006	600187	20070430
2006	600188	20070423
2006	600189	20070328
2006	600190	20070413
2006	600191	20070428
2006	600192	20070316
2006	600193	20070417
2006	600195	20070320
2006	600196	20070430
2006	600197	20070328
2006	600198	20070427
2006	600199	20070418
2006	600200	20070317
2006	600201	20070424
2006	600202	20070327
2006	600203	20070428
2006	600205	20070210
2006	600206	20070212
2006	600207	20070430
2006	600208	20070202
2006	600209	20070428
2006	600210	20070427
2006	600211	20070428
2006	600212	20070430
2006	600213	20070406
2006	600215	20070420
2006	600216	20070411
2006	600217	20070428
2006	600218	20070330
2006	600219	20070120
2006	600220	20070403
2006	600221	20070413
2006	600222	20070421
2006	600223	20070412
2006	600225	20070430
2006	600226	20070420
2006	600227	20070206
2006	600228	20070426
2006	600229	20070418
2006	600230	20070316
2006	600231	20070328
2006	600232	20070430
2006	600233	20070310
2006	600234	20070428
2006	600235	20070331
2006	600236	20070418
2006	600237	20070317
2006	600238	20070210
2006	600239	20070428
2006	600240	20070125
2006	600241	20070329
2006	600242	20070428
2006	600243	20070421
2006	600246	20070213
2006	600247	20070425
2006	600248	20070430
2006	600249	20070427
2006	600250	20070331
2006	600251	20070403
2006	600252	20070410
2006	600253	20070405
2006	600255	20070303
2006	600256	20070428
2006	600257	20070403
2006	600258	20070317
2006	600259	20070428
2006	600260	20070418
2006	600261	20070322
2006	600262	20070428
2006	600263	20070406
2006	600265	20070427
2006	600266	20070411
2006	600267	20070403
2006	600268	20070215
2006	600269	20070320
2006	600270	20070328
2006	600271	20070322
2006	600272	20070430
2006	600273	20070206
2006	600275	20070430
2006	600276	20070208
2006	600277	20070330
2006	600278	20070320
2006	600279	20070324
2006	600280	20070410
2006	600281	20070420
2006	600282	20070328
2006	600283	20070418
2006	600284	20070417
2006	600285	20070428
2006	600287	20070421
2006	600288	20070328
2006	600289	20070331
2006	600290	20070207
2006	600291	20070428
2006	600292	20070330
2006	600293	20070209
2006	600295	20070427
2006	600296	20070210
2006	600297	20070421
2006	600298	20070210
2006	600299	20070331
2006	600300	20070210
2006	600301	20070119
2006	600302	20070328
2006	600303	20070329
2006	600305	20070418
2006	600306	20070426
2006	600307	20070320
2006	600308	20070113
2006	600309	20070404
2006	600310	20070320
2006	600311	20070425
2006	600312	20070419
2006	600313	20070428
2006	600315	20070315
2006	600316	20070403
2006	600317	20070206
2006	600318	20070418
2006	600319	20070406
2006	600320	20070411
2006	600321	20070428
2006	600322	20070327
2006	600323	20070331
2006	600325	20070216
2006	600326	20070417
2006	600327	20070410
2006	600328	20070322
2006	600329	20070402
2006	600330	20070421
2006	600331	20070306
2006	600332	20070430
2006	600333	20070425
2006	600335	20070418
2006	600336	20070428
2006	600337	20070406
2006	600338	20070406
2006	600339	20070213
2006	600340	20070427
2006	600343	20070303
2006	600345	20070328
2006	600346	20070420
2006	600348	20070417
2006	600350	20070310
2006	600351	20070313
2006	600352	20070329
2006	600353	20070412
2006	600354	20070420
2006	600355	20070324
2006	600356	20070301
2006	600357	20070403
2006	600358	20070424
2006	600359	20070410
2006	600360	20070407
2006	600361	20070427
2006	600362	20070419
2006	600363	20070424
2006	600365	20070410
2006	600366	20070303
2006	600367	20070316
2006	600368	20070214
2006	600369	20070430
2006	600370	20070216
2006	600371	20070210
2006	600372	20070403
2006	600373	20070329
2006	600375	20070306
2006	600376	20070330
2006	600377	20070326
2006	600378	20070428
2006	600379	20070324
2006	600380	20070327
2006	600381	20070430
2006	600382	20070308
2006	600383	20070216
2006	600385	20070214
2006	600386	20070420
2006	600387	20070426
2006	600388	20070308
2006	600389	20070327
2006	600390	20070320
2006	600391	20070131
2006	600392	20070424
2006	600393	20070427
2006	600395	20070428
2006	600396	20070321
2006	600397	20070331
2006	600398	20070131
2006	600399	20070426
2006	600400	20070315
2006	600401	20070428
2006	600403	20070316
2006	600405	20070406
2006	600406	20070206
2006	600408	20070215
2006	600409	20070302
2006	600410	20070313
2006	600415	20070403
2006	600416	20070403
2006	600418	20070419
2006	600419	20070210
2006	600420	20070331
2006	600421	20070426
2006	600422	20070310
2006	600423	20070323
2006	600425	20070328
2006	600426	20070328
2006	600428	20070320
2006	600429	20070328
2006	600432	20070214
2006	600433	20070417
2006	600435	20070403
2006	600436	20070328
2006	600438	20070410
2006	600439	20070206
2006	600444	20070419
2006	600446	20070403
2006	600448	20070410
2006	600449	20070322
2006	600452	20070410
2006	600455	20070428
2006	600456	20070322
2006	600458	20070315
2006	600459	20070214
2006	600460	20070323
2006	600461	20070310
2006	600462	20070423
2006	600463	20070208
2006	600466	20070430
2006	600467	20070313
2006	600468	20070331
2006	600469	20070130
2006	600470	20070307
2006	600472	20070419
2006	600475	20070418
2006	600476	20070410
2006	600477	20070425
2006	600478	20070428
2006	600479	20070421
2006	600480	20070420
2006	600481	20070407
2006	600482	20070214
2006	600483	20070324
2006	600485	20070307
2006	600486	20070306
2006	600487	20070414
2006	600488	20070328
2006	600489	20070428
2006	600490	20070421
2006	600491	20070413
2006	600493	20070423
2006	600495	20070210
2006	600496	20070418
2006	600497	20070309
2006	600498	20070421
2006	600499	20070428
2006	600500	20070323
2006	600501	20070327
2006	600502	20070421
2006	600503	20070123
2006	600505	20070424
2006	600506	20070310
2006	600507	20070420
2006	600508	20070418
2006	600509	20070321
2006	600510	20070424
2006	600511	20070425
2006	600512	20070403
2006	600513	20070426
2006	600515	20070413
2006	600516	20070327
2006	600517	20070215
2006	600518	20070323
2006	600519	20070403
2006	600520	20070331
2006	600521	20070322
2006	600522	20070418
2006	600523	20070309
2006	600525	20070329
2006	600526	20070424
2006	600527	20070112
2006	600528	20070428
2006	600529	20070327
2006	600530	20070321
2006	600531	20070313
2006	600532	20070417
2006	600533	20070328
2006	600535	20070410
2006	600536	20070421
2006	600537	20070417
2006	600538	20070424
2006	600539	20070416
2006	600540	20070215
2006	600543	20070417
2006	600545	20070317
2006	600546	20070424
2006	600547	20070207
2006	600548	20070305
2006	600549	20070330
2006	600550	20070410
2006	600551	20070330
2006	600552	20070428
2006	600553	20070308
2006	600555	20070424
2006	600556	20070430
2006	600557	20070313
2006	600558	20070327
2006	600559	20070331
2006	600560	20070410
2006	600561	20070320
2006	600562	20070418
2006	600563	20070308
2006	600565	20070412
2006	600566	20070322
2006	600567	20070315
2006	600568	20070418
2006	600569	20070418
2006	600570	20070320
2006	600571	20070427
2006	600572	20070201
2006	600573	20070410
2006	600575	20070208
2006	600576	20070430
2006	600577	20070130
2006	600578	20070402
2006	600579	20070430
2006	600580	20070403
2006	600581	20070309
2006	600582	20070426
2006	600583	20070314
2006	600584	20070416
2006	600585	20070413
2006	600586	20070316
2006	600587	20070206
2006	600588	20070328
2006	600589	20070403
2006	600590	20070320
2006	600591	20070430
2006	600592	20070331
2006	600593	20070407
2006	600594	20070412
2006	600595	20070310
2006	600596	20070327
2006	600597	20070326
2006	600598	20070421
2006	600599	20070426
2006	600600	20070420
2006	600601	20070407
2006	600602	20070428
2006	600603	20070421
2006	600604	20070410
2006	600605	20070427
2006	600606	20070331
2006	600607	20070419
2006	600608	20070428
2006	600609	20070323
2006	600610	20070428
2006	600611	20070324
2006	600612	20070425
2006	600613	20070427
2006	600614	20070428
2006	600615	20070214
2006	600616	20070228
2006	600617	20070428
2006	600618	20070321
2006	600619	20070324
2006	600620	20070412
2006	600621	20070310
2006	600622	20070418
2006	600623	20070313
2006	600624	20070426
2006	600626	20070331
2006	600627	20070412
2006	600628	20070430
2006	600629	20070430
2006	600630	20070331
2006	600631	20070428
2006	600633	20070310
2006	600634	20070330
2006	600635	20070427
2006	600636	20070301
2006	600637	20070428
2006	600638	20070428
2006	600639	20070421
2006	600640	20070421
2006	600641	20070428
2006	600642	20070427
2006	600643	20070428
2006	600644	20070417
2006	600645	20070430
2006	600647	20070426
2006	600648	20070430
2006	600649	20070330
2006	600650	20070411
2006	600651	20070428
2006	600652	20070414
2006	600653	20070427
2006	600654	20070331
2006	600655	20070421
2006	600656	20070428
2006	600657	20070418
2006	600658	20070331
2006	600660	20070306
2006	600661	20070322
2006	600662	20070424
2006	600663	20070324
2006	600664	20070426
2006	600665	20070425
2006	600666	20070317
2006	600667	20070427
2006	600668	20070424
2006	600671	20070430
2006	600673	20070212
2006	600674	20070417
2006	600675	20070306
2006	600676	20070308
2006	600677	20070428
2006	600678	20070306
2006	600679	20070421
2006	600680	20070421
2006	600681	20070430
2006	600682	20070426
2006	600683	20070428
2006	600684	20070331
2006	600685	20070330
2006	600686	20070418
2006	600687	20070428
2006	600688	20070330
2006	600689	20070427
2006	600690	20070427
2006	600691	20070428
2006	600692	20070403
2006	600693	20070421
2006	600694	20070404
2006	600695	20070427
2006	600696	20070331
2006	600697	20070420
2006	600698	20070421
2006	600699	20070424
2006	600701	20070427
2006	600702	20070323
2006	600703	20070430
2006	600704	20070417
2006	600705	20070427
2006	600706	20070424
2006	600707	20070413
2006	600708	20070410
2006	600710	20070123
2006	600711	20070126
2006	600712	20070426
2006	600713	20070310
2006	600714	20070324
2006	600715	20070428
2006	600716	20070427
2006	600717	20070330
2006	600718	20070216
2006	600719	20070317
2006	600720	20070313
2006	600721	20070126
2006	600722	20070430
2006	600723	20070317
2006	600724	20070421
2006	600725	20070130
2006	600726	20070310
2006	600727	20070427
2006	600728	20070427
2006	600729	20070420
2006	600730	20070417
2006	600731	20070426
2006	600732	20070317
2006	600733	20070427
2006	600734	20070417
2006	600735	20070428
2006	600736	20070410
2006	600737	20070215
2006	600738	20070316
2006	600739	20070418
2006	600740	20070216
2006	600741	20070331
2006	600742	20070424
2006	600743	20070428
2006	600744	20070428
2006	600745	20070430
2006	600746	20070418
2006	600747	20070428
2006	600748	20070420
2006	600749	20070427
2006	600750	20070315
2006	600751	20070430
2006	600753	20070430
2006	600754	20070410
2006	600755	20070306
2006	600756	20070414
2006	600757	20070428
2006	600758	20070215
2006	600759	20070417
2006	600760	20070428
2006	600761	20070418
2006	600762	20070430
2006	600763	20070427
2006	600764	20070327
2006	600765	20070315
2006	600766	20070213
2006	600767	20070329
2006	600768	20070418
2006	600769	20070412
2006	600770	20070414
2006	600771	20070425
2006	600773	20070427
2006	600774	20070330
2006	600775	20070426
2006	600776	20070410
2006	600777	20070421
2006	600778	20070427
2006	600779	20070309
2006	600780	20070418
2006	600781	20070215
2006	600782	20070328
2006	600783	20070309
2006	600784	20070303
2006	600785	20070314
2006	600786	20070403
2006	600787	20070315
2006	600789	20070428
2006	600790	20070418
2006	600791	20070308
2006	600792	20070208
2006	600793	20070416
2006	600794	20070417
2006	600795	20070308
2006	600796	20070428
2006	600797	20070423
2006	600798	20070320
2006	600800	20070428
2006	600801	20070317
2006	600802	20070420
2006	600803	20070212
2006	600804	20070216
2006	600805	20070424
2006	600806	20070419
2006	600807	20070428
2006	600808	20070418
2006	600809	20070404
2006	600810	20070426
2006	600811	20070430
2006	600812	20070428
2006	600814	20070420
2006	600815	20070323
2006	600817	20070430
2006	600818	20070428
2006	600819	20070426
2006	600820	20070413
2006	600821	20070426
2006	600822	20070317
2006	600823	20070412
2006	600824	20070306
2006	600825	20070420
2006	600826	20070328
2006	600827	20070419
2006	600828	20070421
2006	600829	20070416
2006	600830	20070331
2006	600831	20070328
2006	600832	20070418
2006	600833	20070331
2006	600834	20070210
2006	600835	20070412
2006	600836	20070331
2006	600837	20070430
2006	600838	20070428
2006	600839	20070216
2006	600840	20070202
2006	600841	20070331
2006	600842	20070418
2006	600843	20070421
2006	600844	20070430
2006	600845	20070320
2006	600846	20070310
2006	600847	20070425
2006	600848	20070319
2006	600849	20070331
2006	600850	20070303
2006	600851	20070421
2006	600853	20070322
2006	600854	20070427
2006	600855	20070317
2006	600856	20070414
2006	600857	20070410
2006	600858	20070328
2006	600859	20070421
2006	600860	20070425
2006	600861	20070331
2006	600862	20070425
2006	600863	20070425
2006	600864	20070309
2006	600865	20070331
2006	600866	20070331
2006	600867	20070413
2006	600868	20070430
2006	600869	20070327
2006	600870	20070427
2006	600871	20070402
2006	600872	20070425
2006	600873	20070330
2006	600874	20070419
2006	600875	20070403
2006	600876	20070426
2006	600877	20070405
2006	600879	20070126
2006	600880	20070328
2006	600881	20070413
2006	600882	20070329
2006	600883	20070322
2006	600884	20070413
2006	600885	20070421
2006	600886	20070323
2006	600887	20070430
2006	600888	20070301
2006	600889	20070411
2006	600890	20070406
2006	600891	20070428
2006	600892	20070330
2006	600893	20070421
2006	600894	20070328
2006	600895	20070319
2006	600896	20070327
2006	600897	20070330
2006	600898	20070130
2006	600900	20070410
2006	600960	20070310
2006	600961	20070308
2006	600962	20070328
2006	600963	20070421
2006	600965	20070306
2006	600966	20070215
2006	600967	20070212
2006	600969	20070412
2006	600970	20070420
2006	600971	20070302
2006	600973	20070324
2006	600975	20070412
2006	600976	20070424
2006	600978	20070123
2006	600979	20070424
2006	600980	20070412
2006	600981	20070327
2006	600982	20070313
2006	600983	20070302
2006	600984	20070405
2006	600985	20070315
2006	600986	20070418
2006	600987	20070410
2006	600988	20070426
2006	600990	20070331
2006	600991	20070419
2006	600992	20070329
2006	600993	20070324
2006	600995	20070131
2006	600997	20070328
2006	601001	20070425
2006	601002	20070410
2006	601003	20070420
2006	601005	20070423
2006	601006	20070427
2006	601007	20070428
2006	601111	20070320
2006	601333	20070420
2006	601588	20070419
2006	601628	20070418
2006	601666	20070410
2006	601699	20070328
2006	601872	20070329
2006	601991	20070402
